
Epoch           TrainLoss ValLoss                 CER                WER        CharAccuracy           WordAccuracy          BlankPct UniqueChars Uniqu
                                                                                                                                                  eSequ
                                                                                                                                                  ences
-----           --------- -------                 ---                ---        ------------           ------------          -------- ----------- -----
    1    3.36241800276366          0.9282920897798377 0.9999137782376272 0.07170791022016232    8.6221762372829E-05 97.30695133783632          16    33
    2  2.2228718078821346          0.8367413603888628 0.9995688911881359 0.16325863961113718 0.00043110881186414485 96.27955088256148          40   634
    3  1.7330420513872375          0.6865386096593525 0.9987928953267805 0.31346139034064746  0.0012071046732194946 94.08399261111319          47  4232
    4  1.5174562571411403           0.623040428142074  0.998016899465425 0.37695957185792595  0.0019831005345749553 93.73938780460499          50  4902
    5   1.399095627875969          0.6096163524850866 0.9953440248318676  0.3903836475149134   0.004655975168132431    94.09472142404          54  5167
    6   1.327198377170915          0.5812363485938176 0.9947404724952578 0.41876365140618244   0.005259527504742234 93.68982535358435          59  5332
    7  1.2679329700513418          0.5553744599543393 0.9966373512674599  0.4446255400456607  0.0033626487325401078 93.10382225622271          57  5697
    8  1.2255625169327276          0.5436920902743916 0.9959475771684774  0.4563079097256084  0.0040524228315226285 92.94242359219315          55  5928
    9  1.1919170054294768           0.537026920625593 0.9949991377823763   0.462973079374407   0.005000862217623747 92.68994663581745          57  6618
   10  1.1628002403084763          0.5262538005371153 0.9937058113467839 0.47374619946288465   0.006294188653216071  92.5444079561145          54  6629
   11  1.1345399709117168          0.5228842597408578 0.9943955854457666 0.47711574025914216   0.005604414554233439 92.52131768481546          57  6770
   12  1.1085967720837209          0.5337434259312308 0.9865494050698397  0.4662565740687692    0.01345059493016032 93.03478467738925          57  6767
   13  1.0801789805093194           0.515882860751397 0.9894809449905156   0.484117139248603   0.010519055009484357 91.77718121431504          56  7233
   14  1.0503930687391436          0.5123678057658634 0.9900844973271253  0.4876321942341366   0.009915502672874665 92.28819923872075          57  7263
   15   1.021311432658736          0.5097252056777735 0.9812898775650974 0.49027479432222654   0.018710122434902554  92.2447008993544          56  8171
   16  0.9895093453002863          0.5006266608529972 0.9825832040006898 0.49937333914700277    0.01741679599931023 91.94242825689443          56  8177
   17   0.961622482400941          0.5022092655141114 0.9779272288325573  0.4977907344858886   0.022072771167442662 92.10954117998284          55  8449
   18  0.9419820193428535          0.5006721962033148 0.9718917054664598  0.4993278037966852   0.028108294533540246 91.94755942829421          57  8637
   19   0.899540262210523          0.4931251865977088   0.97128815312985  0.5068748134022911    0.02871184687015005 91.47245960368699          55  9254
   20  0.8796120292399389          0.4862717255465978 0.9743059148128987  0.5137282744534022   0.025694085187101257   91.075260290331          55  9396
   21  0.8397973631490969          0.4908654642775812 0.9767201241593378  0.5091345357224188   0.023279875840662156 88.18209594357577          55  9780
   22  0.8066623045640244         0.47218579957373047 0.9713743748922228  0.5278142004262696    0.02862562510777722 90.92552337948277          57  9403
   23  0.7735658459906577          0.4731232124712021 0.9664597344369719  0.5268767875287979    0.03354026556302814 90.69403757883346          57  9693
   24  0.7412437359250609          0.4688346295769032 0.9675806173478186  0.5311653704230967    0.03241938265218136 90.29275665186401          56  9953
   25  0.7098567363386726         0.46842553972979467  0.965942403862735  0.5315744602702053      0.034057596137265 89.54547150800462          55 10270
   26  0.6850499686441129         0.45810434896457775 0.9578375581996896  0.5418956510354223    0.04216244180031037 89.73205955890585          56 10111
   27  0.6525159770779838          0.4685998747584242 0.9613726504569753  0.5314001252415759   0.038627349543024714 89.02197540769488          55 10533
   28  0.6262273453468312         0.45908399379854314 0.9546473529918952  0.5409160062014569    0.04535264700810482 88.64448445721536          55 10481
   29  0.6033157743900162         0.45835023000939046 0.9540438006552854  0.5416497699906095    0.04595619934471462  89.2014497891555          55 10436
   30   0.577791645221546         0.45085791918246004  0.947404724952578    0.54914208081754    0.05259527504742201 89.07795182296526          56 10477
   31  0.5562986893891926         0.45414247731210794 0.9440420762200379  0.5458575226878921   0.055957923779962115 89.19212038661044          57 10461
   32  0.5339798501807507         0.45030078965994214 0.9399034316261424  0.5496992103400579    0.06009656837385757 88.58827480688136          54 10510
   33  0.5156042719190557         0.45217428884588695 0.9406794274874979   0.547825711154113    0.05932057251250211 86.44985912602156          54 10677
   34  0.4965469036161734          0.4456640339789567 0.9424038627349544  0.5543359660210433   0.057596137265045644  85.4003013397022          52 10719
   35  0.4789838239614706         0.44051640999365105 0.9286946025176754   0.559483590006349    0.07130539748232456 88.03037653468671          57 10697
   36  0.4613366099557705          0.4280699025811299 0.9221417485773409  0.5719300974188701    0.07785825142265912 88.46734242639101          55 10592
   37 0.44331327513693797          0.4327658497181052 0.9217968615278497  0.5672341502818947    0.07820313847215032 88.25859704444528          55 10576
   38  0.4317176504184614          0.4282679977815987 0.9156751163993792  0.5717320022184014    0.08432488360062085 87.82209762286823          54 10676
   39  0.4164827926208387         0.44259278944695307 0.9217106397654768   0.557407210553047    0.07828936023452315  86.8748134119491          55 10809
   40 0.40491444083278133         0.41516256900765114 0.9111915847559924  0.5848374309923489    0.08880841524400762 88.01603257827368          55 10534
   41 0.39434563233728076         0.41473645767334605 0.9055871702017589  0.5852635423266539    0.09441282979824106 87.72623801171773          55 10612
   42 0.37971262905347863          0.4268342765149267 0.9099844800827729  0.5731657234850733    0.09001551991722712 85.07307254543419          55 10759
   43  0.3706673215617412         0.40986140707041946 0.9000689774098982  0.5901385929295806    0.09993102259010178 87.69370172034183          54 10582
   44 0.36011061890951684         0.41558009409923596 0.8971374374892223   0.584419905900764    0.10286256251077774 86.96099376795911          55 10751
   45  0.3507510500334692          0.4043882457281559 0.8941196758061735  0.5956117542718441    0.10588032419382654  87.9994728887562          55 10453
   46 0.34232424891649754         0.40951357822258655  0.887997930677703  0.5904864217774135    0.11200206932229695 86.25720696346606          56 10666
   47   0.335590928574207         0.40605648535534494 0.8876530436282117   0.593943514644655    0.11234695637178826 87.27084654998694          53 10632
   48  0.3263128751710197          0.3948185961932689 0.8819624073116055  0.6051814038067311    0.11803759268839453  87.5379006978393          53 10436
   49 0.32107835903224446          0.3932828401988729 0.8806690808760131  0.6067171598011272    0.11933091912398686 87.54699686532075          52 10505
   50  0.3161763548851013         0.40097244205069815 0.8798930850146577  0.5990275579493018    0.12010691498534232 87.30268313617195          55 10585
   51 0.30688945468778217          0.3943691457817858 0.8805828591136403  0.6056308542182143    0.11941714088635969 87.21288763667575          55 10485
   52   0.301369808502995         0.39167417741852184 0.8656664942231419  0.6083258225814782     0.1343335057768581 86.84460947120947          55 10548
   53 0.29437791725648443         0.39186119201406194 0.8634247284014486   0.608138807985938    0.13657527159855143 87.01300518714781          55 10652
   54 0.28995175740932155          0.3904520016678093 0.8661838247973789  0.6095479983321908    0.13381617520262112 86.83201477777364          56 10593
   55  0.2893214284415729          0.3984070725038432 0.8658389377478876  0.6015929274961568    0.13416106225211244 86.07050229503302          55 10661
   56  0.2833699754968953         0.39042605111277995 0.8590274185204345    0.60957394888722    0.14097258147956548  86.3297430682539          55 10679
   57 0.27670903284771176         0.38620521574977684 0.8596309708570443  0.6137947842502232    0.14036902914295568 86.66140332873083          55 10631
   58  0.2732269609466259         0.38959048176917116 0.8560096568373857  0.6104095182308289    0.14399034316261428 86.16869425681979          54 10574
   59  0.2745500090955119         0.37876704784328546 0.8479048111743404  0.6212329521567146    0.15209518882565964 86.75271485614061          54 10546
   60  0.2637833647997552         0.37972646757529704 0.8523021210553544   0.620273532424703     0.1476978789446456 86.64822554763593          55 10468
   61  0.2636299424893613         0.37353067233204734 0.8399724090360406  0.6264693276679527    0.16002759096395935 86.70280255252453          54 10513
   62   0.258323801858188          0.3820542337083613 0.8486808070356958  0.6179457662916388    0.15131919296430418 86.31318337873643          54 10595
   63  0.2544078461201666         0.39531751762195455 0.8445421624418004  0.6046824823780454    0.15545783755819964 85.46222524909504          55 10742
   64 0.25393514471872036          0.3740012930816702 0.8352302121055354  0.6259987069183298    0.16476978789446461 86.41837239243199          55 10540
   65  0.2499923262131332          0.3766372125659405 0.8392826349370581  0.6233627874340595    0.16071736506294187 86.47120013434339          55 10517
   66 0.24830830423809613         0.38051617656880693 0.8530781169167098   0.619483823431193    0.14692188308329024 85.86175691308728          53 10514
   67 0.24459738153667276         0.37954731351309834 0.8341093291946887  0.6204526864869017    0.16589067080531128 86.21662406239504          57 10547
   68 0.24342535990939748          0.3709055603579794 0.8420417313329884  0.6290944396420206    0.15795826866701157 86.65463951188566          55 10541
   69 0.23988477299633404         0.38117356618790404 0.8354888773926539  0.6188264338120959    0.16451112260734613  85.4169776467515          55 10567
   70 0.23684426738027983          0.3696163279756318 0.8316088980858769  0.6303836720243682     0.1683911019141231 86.39656491398291          55 10492
   71 0.23809527611429254         0.37298971833220185 0.8297982410760476  0.6270102816677982     0.1702017589239524 85.65755961488226          55 10556
   72 0.23450257673659708         0.36677913819783775 0.8255733747197793  0.6332208618021622    0.17442662528022068 86.58361943501139          54 10420
   73  0.2293905977134281          0.3659985130358277 0.8277289187790998  0.6340014869641724    0.17227108122090018  86.2699182744337          55 10391
   74  0.2303141406863377          0.3655839516910967 0.8211760648387653  0.6344160483089033    0.17882393516123474 86.31050117550471          57 10456
   75 0.22695557776507594         0.36656286621980466  0.814536989136058  0.6334371337801954      0.185463010863942  85.8741183714595          55 10491
   76 0.22710126078157478           0.369860522025739 0.8225556130367304  0.6301394779742611    0.17744438696326958 86.14863604134791          53 10531
   77 0.22473742377830438          0.3691305115523482 0.8204000689774099  0.6308694884476518     0.1795999310225901 85.43551983430982          54 10559
   78  0.2224530179512724          0.3582569992090528  0.814019658561821  0.6417430007909473      0.185980341438179 86.53907153785872          56 10374
   79  0.2186235752936346         0.36784908836009045 0.8173823072943611  0.6321509116399096    0.18261769270563888 85.77884184796805          56 10539
   80 0.21936111172443853          0.3631839914232772  0.812553888601483  0.6368160085767228    0.18744611139851697 85.99143560846363          55 10469


